0.00000 9.05376 0.00000 0.00000 0.00000 0.00000 0.00000 0.00000 0.00000 0.00000 0.00000 0.00000 0.00000 0.00000
9.05376 0.00000 4.21603 0.00000 20.00000 0.00000 0.00000 0.00000 0.00000 15.00000 0.00000 0.00000 0.00000 0.00000
0.00000 4.21603 0.00000 0.00000 0.00000 0.00000 0.00000 0.00000 0.00000 0.00000 0.00000 0.00000 0.00000 0.00000
0.00000 0.00000 0.00000 0.00000 5.42857 0.00000 0.00000 0.00000 0.00000 0.00000 0.00000 0.00000 0.00000 0.00000
0.00000 20.00000 0.00000 5.42857 0.00000 7.14286 0.00000 0.00000 0.00000 8.00000 0.00000 0.00000 0.00000 0.00000
0.00000 0.00000 0.00000 0.00000 7.14286 0.00000 4.21429 0.00000 0.00000 0.00000 0.00000 0.00000 0.00000 0.00000
0.00000 0.00000 0.00000 0.00000 0.00000 4.21429 0.00000 6.03739 0.00000 0.00000 0.00000 0.00000 0.00000 0.00000
0.00000 0.00000 0.00000 0.00000 0.00000 0.00000 6.03739 0.00000 2.51651 0.00000 0.00000 12.00000 6.00000 0.00000
0.00000 0.00000 0.00000 0.00000 0.00000 0.00000 0.00000 2.51651 0.00000 0.00000 0.00000 0.00000 0.00000 0.00000
0.00000 15.00000 0.00000 0.00000 8.00000 0.00000 0.00000 0.00000 0.00000 0.00000 2.16242 0.00000 0.00000 0.00000
0.00000 0.00000 0.00000 0.00000 0.00000 0.00000 0.00000 0.00000 0.00000 2.16242 0.00000 2.62222 0.00000 0.00000
0.00000 0.00000 0.00000 0.00000 0.00000 0.00000 0.00000 12.00000 0.00000 0.00000 2.62222 0.00000 15.00000 0.00000
0.00000 0.00000 0.00000 0.00000 0.00000 0.00000 0.00000 6.00000 0.00000 0.00000 0.00000 15.00000 0.00000 21.37329
0.00000 0.00000 0.00000 0.00000 0.00000 0.00000 0.00000 0.00000 0.00000 0.00000 0.00000 0.00000 21.37329 0.00000
